2 , 1526994282 , 222
2 , 1526994300 , 223
2 , 1526994306 , 222
2 , 1526994367 , 223
2 , 1526994373 , 222
2 , 1526994379 , 223
2 , 1526994385 , 222
2 , 1526994409 , 223
2 , 1526994415 , 222
2 , 1526994440 , 223
2 , 1526994446 , 222
2 , 1526994738 , 223
2 , 1526994744 , 222
2 , 1526996732 , 221
2 , 1526996738 , 222
2 , 1526996756 , 221
2 , 1526996762 , 222
2 , 1526996973 , 221
2 , 1526996992 , 222
2 , 1526997010 , 221
2 , 1526997016 , 222
2 , 1526997028 , 221
2 , 1526997034 , 222
2 , 1526997052 , 221
2 , 1526997058 , 222
2 , 1526997082 , 221
2 , 1526997088 , 222
2 , 1526997107 , 221
2 , 1526997113 , 222
2 , 1526997125 , 221
2 , 1526997132 , 222
2 , 1526997138 , 221
2 , 1526997156 , 222
2 , 1526997162 , 221
2 , 1526997174 , 222
2 , 1526997180 , 221
2 , 1526997192 , 222
2 , 1526997204 , 221
2 , 1526997210 , 222
2 , 1526997216 , 221
2 , 1526997253 , 222
2 , 1526997265 , 221
2 , 1526997271 , 222
2 , 1526997277 , 221
2 , 1526997289 , 222
2 , 1526997295 , 221
2 , 1526997331 , 222
2 , 1526997337 , 221
2 , 1526997343 , 222
2 , 1526997350 , 221
2 , 1526997362 , 222
2 , 1526997368 , 221
2 , 1526997428 , 222
2 , 1526997434 , 221
2 , 1526997484 , 222
2 , 1526997490 , 221
2 , 1526997532 , 222
2 , 1526997538 , 221
2 , 1526997581 , 222
2 , 1526997587 , 221
2 , 1526997890 , 222
2 , 1526997902 , 221
2 , 1526997932 , 222
2 , 1526997950 , 221
2 , 1526997956 , 222
2 , 1526997962 , 221
2 , 1526997969 , 222
2 , 1526997975 , 221
2 , 1526998012 , 222
2 , 1526998024 , 221
2 , 1526998072 , 222
2 , 1526998078 , 221
2 , 1526999007 , 222
2 , 1526999043 , 223
2 , 1526999079 , 224
2 , 1526999091 , 225
2 , 1526999103 , 224
2 , 1526999158 , 225
2 , 1526999176 , 226
2 , 1526999188 , 225
2 , 1526999219 , 224
2 , 1526999231 , 225
2 , 1526999237 , 224
2 , 1526999346 , 223
2 , 1526999352 , 224
2 , 1526999388 , 223
2 , 1527000338 , 222
2 , 1527000344 , 223
2 , 1527000393 , 222
2 , 1527000399 , 223
2 , 1527000441 , 222
2 , 1527000447 , 223
2 , 1527000471 , 222
2 , 1527000477 , 223
2 , 1527000544 , 222
2 , 1527000550 , 223
2 , 1527000556 , 222
2 , 1527000562 , 223
2 , 1527000580 , 222
2 , 1527000592 , 223
2 , 1527000604 , 222
2 , 1527000616 , 223
2 , 1527000622 , 222
2 , 1527000628 , 223
2 , 1527000634 , 222
2 , 1527000647 , 223
2 , 1527000653 , 222
2 , 1527000659 , 223
2 , 1527000665 , 222
2 , 1527000671 , 223
2 , 1527000678 , 222
2 , 1527000714 , 223
2 , 1527000720 , 222
2 , 1527000726 , 223
2 , 1527000732 , 222
2 , 1527000738 , 223
2 , 1527000744 , 222
2 , 1527000768 , 223
2 , 1527000774 , 222
2 , 1527000780 , 223
2 , 1527000786 , 222
2 , 1527000798 , 223
2 , 1527000804 , 222
2 , 1527000817 , 223
2 , 1527000823 , 222
2 , 1527000835 , 223
2 , 1527000865 , 222
2 , 1527000913 , 223
2 , 1527001209 , 222
2 , 1527001215 , 223
2 , 1527001329 , 222
2 , 1527001335 , 223
2 , 1527001384 , 222
2 , 1527001396 , 223
2 , 1527001420 , 222
2 , 1527001432 , 223
2 , 1527001444 , 222
2 , 1527001456 , 223
2 , 1527001481 , 222
2 , 1527001487 , 223
2 , 1527001505 , 222
2 , 1527001511 , 223
2 , 1527001523 , 222
2 , 1527001535 , 223
2 , 1527001553 , 222
2 , 1527001572 , 223
2 , 1527001626 , 222
2 , 1527001651 , 223
2 , 1527001669 , 222
2 , 1527001681 , 223
2 , 1527001705 , 222
2 , 1527001729 , 223
2 , 1527001742 , 222
2 , 1527001754 , 223
2 , 1527001760 , 222
2 , 1527001766 , 223
2 , 1527001784 , 222
2 , 1527001796 , 223
2 , 1527001827 , 222
2 , 1527001845 , 223
2 , 1527001851 , 222
2 , 1527001887 , 223
2 , 1527001899 , 222
2 , 1527001924 , 223
2 , 1527001936 , 222
2 , 1527001954 , 223
2 , 1527001960 , 222
2 , 1527001966 , 223
2 , 1527001973 , 222
2 , 1527001979 , 223
2 , 1527001985 , 222
2 , 1527001991 , 223
2 , 1527001997 , 222
2 , 1527002003 , 223
2 , 1527002021 , 222
2 , 1527002058 , 223
2 , 1527002082 , 222
2 , 1527002094 , 223
2 , 1527002118 , 222
2 , 1527002130 , 223
2 , 1527002142 , 222
2 , 1527002148 , 223
2 , 1527002155 , 222
2 , 1527002161 , 223
2 , 1527002167 , 222
2 , 1527002173 , 223
2 , 1527002197 , 222
2 , 1527002203 , 223
2 , 1527002215 , 222
2 , 1527002221 , 223
2 , 1527002239 , 222
2 , 1527002252 , 223
2 , 1527002264 , 222
2 , 1527002270 , 223
2 , 1527002276 , 222
2 , 1527002288 , 223
2 , 1527002294 , 222
2 , 1527002306 , 223
2 , 1527002318 , 222
2 , 1527002330 , 223
2 , 1527002336 , 222
2 , 1527002343 , 223
2 , 1527002355 , 222
2 , 1527002367 , 223
2 , 1527002373 , 222
2 , 1527002385 , 223
2 , 1527002403 , 222
2 , 1527002415 , 223
2 , 1527002421 , 222
2 , 1527002446 , 223
2 , 1527002458 , 222
2 , 1527002476 , 223
2 , 1527002500 , 222
2 , 1527002506 , 223
2 , 1527002518 , 222
2 , 1527002531 , 223
2 , 1527002537 , 222
2 , 1527002543 , 223
2 , 1527002568 , 222
2 , 1527002574 , 223
2 , 1527002580 , 222
2 , 1527002586 , 223
2 , 1527002592 , 222
2 , 1527002598 , 223
2 , 1527002604 , 222
2 , 1527002622 , 223
2 , 1527002635 , 222
2 , 1527002653 , 223
2 , 1527002689 , 222
2 , 1527002695 , 223
2 , 1527002701 , 222
2 , 1527002713 , 223
2 , 1527002750 , 222
2 , 1527002756 , 223
2 , 1527002762 , 222
2 , 1527002774 , 223
2 , 1527002798 , 222
2 , 1527002810 , 223
2 , 1527002816 , 222
2 , 1527002822 , 223
2 , 1527002835 , 222
2 , 1527002841 , 223
2 , 1527002847 , 222
2 , 1527002853 , 223
2 , 1527002859 , 222
2 , 1527002865 , 223
2 , 1527002871 , 222
2 , 1527002877 , 223
2 , 1527002895 , 222
2 , 1527002901 , 223
2 , 1527002907 , 222
2 , 1527002913 , 223
2 , 1527002932 , 222
2 , 1527002938 , 223
2 , 1527002944 , 222
2 , 1527002950 , 223
2 , 1527002986 , 222
2 , 1527002992 , 223
2 , 1527002998 , 222
2 , 1527003004 , 223
2 , 1527003017 , 222
2 , 1527003023 , 223
2 , 1527003029 , 222
2 , 1527003047 , 223
2 , 1527003053 , 222
2 , 1527003078 , 223
2 , 1527003084 , 222
2 , 1527003090 , 223
2 , 1527003096 , 222
2 , 1527003114 , 223
2 , 1527003127 , 222
2 , 1527003139 , 223
2 , 1527003157 , 222
2 , 1527003163 , 223
2 , 1527003181 , 222
2 , 1527003187 , 223
2 , 1527003205 , 222
2 , 1527003212 , 223
2 , 1527003236 , 222
2 , 1527003248 , 223
2 , 1527003260 , 222
2 , 1527003266 , 223
2 , 1527003272 , 222
2 , 1527003278 , 223
2 , 1527003284 , 222
2 , 1527003290 , 223
2 , 1527003297 , 222
2 , 1527003303 , 223
2 , 1527003309 , 222
2 , 1527003321 , 223
2 , 1527003327 , 222
2 , 1527003333 , 223
2 , 1527003351 , 222
2 , 1527003363 , 223
2 , 1527003400 , 222
2 , 1527003412 , 223
2 , 1527003424 , 222
2 , 1527003430 , 223
2 , 1527003454 , 222
2 , 1527003460 , 223
2 , 1527003466 , 222
2 , 1527003478 , 223
2 , 1527003485 , 222
2 , 1527003503 , 223
2 , 1527003522 , 222
2 , 1527003528 , 223
2 , 1527003546 , 222
2 , 1527003552 , 223
2 , 1527003564 , 222
2 , 1527003570 , 223
2 , 1527003583 , 222
2 , 1527003595 , 223
2 , 1527003631 , 222
2 , 1527003650 , 223
2 , 1527003656 , 222
2 , 1527003668 , 223
2 , 1527003680 , 222
2 , 1527003686 , 223
2 , 1527003692 , 222
2 , 1527003698 , 223
2 , 1527003711 , 222
2 , 1527003717 , 223
2 , 1527003729 , 222
2 , 1527003735 , 223
2 , 1527003790 , 222
2 , 1527003796 , 223
2 , 1527003808 , 222
2 , 1527003820 , 223
2 , 1527003844 , 222
2 , 1527003850 , 223
2 , 1527003863 , 222
2 , 1527003869 , 223
2 , 1527003893 , 222
2 , 1527003905 , 223
2 , 1527003911 , 222
2 , 1527003917 , 223
2 , 1527003923 , 222
2 , 1527003930 , 223
2 , 1527003948 , 222
2 , 1527003960 , 223
2 , 1527003996 , 222
2 , 1527004003 , 223
2 , 1527004112 , 222
2 , 1527004118 , 223
2 , 1527004130 , 222
2 , 1527004136 , 223
2 , 1527004142 , 222
2 , 1527004148 , 223
2 , 1527004154 , 222
2 , 1527004160 , 223
2 , 1527004166 , 222
2 , 1527004172 , 223
2 , 1527004197 , 222
2 , 1527004203 , 223
2 , 1527004227 , 222
2 , 1527004239 , 223
2 , 1527004282 , 222
2 , 1527004294 , 223
2 , 1527004300 , 222
2 , 1527004306 , 223
2 , 1527004330 , 222
2 , 1527004336 , 223
2 , 1527004342 , 222
2 , 1527004348 , 223
2 , 1527004354 , 222
2 , 1527004360 , 223
2 , 1527004445 , 222
2 , 1527004451 , 223
2 , 1527004482 , 222
2 , 1527004506 , 223
2 , 1527004548 , 222
2 , 1527004554 , 223
2 , 1527004566 , 222
2 , 1527004572 , 223
2 , 1527004597 , 222
2 , 1527004615 , 223
2 , 1527004621 , 222
2 , 1527004633 , 223
2 , 1527004645 , 222
2 , 1527004651 , 223
2 , 1527004688 , 222
2 , 1527004694 , 223
2 , 1527004706 , 222
2 , 1527004712 , 223
2 , 1527004773 , 222
2 , 1527004779 , 223
2 , 1527004852 , 222
2 , 1527004858 , 223
2 , 1527004888 , 222
2 , 1527004894 , 223
2 , 1527004919 , 222
2 , 1527004925 , 223
2 , 1527005010 , 222
2 , 1527005016 , 223
2 , 1527005052 , 222
2 , 1527005065 , 223
2 , 1527005083 , 222
2 , 1527005089 , 223
2 , 1527005113 , 222
2 , 1527005119 , 223
2 , 1527005169 , 222
2 , 1527005175 , 223
2 , 1527005253 , 222
2 , 1527005259 , 223
2 , 1527005266 , 222
2 , 1527005272 , 223
2 , 1527005302 , 222
2 , 1527005308 , 223
2 , 1527005314 , 222
2 , 1527005320 , 223
2 , 1527005423 , 222
2 , 1527005429 , 223
2 , 1527005520 , 222
2 , 1527005526 , 223
2 , 1527005568 , 222
2 , 1527005574 , 223
2 , 1527005586 , 222
2 , 1527005592 , 223
2 , 1527005665 , 222
2 , 1527005671 , 223
2 , 1527005701 , 222
2 , 1527005707 , 223
2 , 1527005725 , 222
2 , 1527005738 , 223
2 , 1527005744 , 222
2 , 1527005756 , 223
2 , 1527005872 , 222
2 , 1527005878 , 223
2 , 1527005963 , 222
2 , 1527005969 , 223
2 , 1527005975 , 222
2 , 1527005981 , 223
2 , 1527005987 , 222
2 , 1527005993 , 223
2 , 1527006060 , 222
2 , 1527006066 , 223
2 , 1527006115 , 222
2 , 1527006121 , 223
2 , 1527006260 , 222
2 , 1527006266 , 223
2 , 1527006303 , 222
2 , 1527006309 , 223
2 , 1527006412 , 222
2 , 1527006418 , 223
2 , 1527006424 , 222
2 , 1527006430 , 223
2 , 1527006460 , 222
2 , 1527006467 , 223
2 , 1527006491 , 222
2 , 1527006497 , 223
2 , 1527006545 , 222
2 , 1527006551 , 223
2 , 1527006606 , 222
2 , 1527006612 , 223
2 , 1527006697 , 222
2 , 1527006703 , 223
2 , 1527006764 , 222
2 , 1527006770 , 223
2 , 1527006782 , 222
2 , 1527006789 , 223
2 , 1527006873 , 222
2 , 1527006879 , 223
2 , 1527006904 , 222
2 , 1527006910 , 223
2 , 1527007019 , 222
2 , 1527007025 , 223
2 , 1527007157 , 222
2 , 1527007163 , 223
2 , 1527007181 , 222
2 , 1527007188 , 223
2 , 1527007302 , 222
2 , 1527007308 , 223
2 , 1527007404 , 222
2 , 1527007410 , 223
2 , 1527007586 , 222
2 , 1527007592 , 223
2 , 1527007701 , 222
2 , 1527007707 , 223
2 , 1527007835 , 222
2 , 1527007841 , 223
2 , 1527007859 , 222
2 , 1527007865 , 223
2 , 1527007920 , 222
2 , 1527007926 , 223
2 , 1527007980 , 222
2 , 1527007986 , 223
2 , 1527008041 , 222
2 , 1527008047 , 223
2 , 1527008217 , 222
2 , 1527008223 , 223
2 , 1527008436 , 222
2 , 1527008442 , 223
2 , 1527008727 , 222
2 , 1527008733 , 223
2 , 1527008958 , 222
2 , 1527008964 , 223
2 , 1527009030 , 222
2 , 1527009037 , 223
2 , 1527009439 , 222
2 , 1527009445 , 223
2 , 1527009524 , 222
2 , 1527009530 , 223
2 , 1527009658 , 222
2 , 1527009664 , 223
2 , 1527009798 , 222
2 , 1527009805 , 223
2 , 1527009835 , 222
2 , 1527009841 , 223
2 , 1527009865 , 222
2 , 1527009872 , 223
2 , 1527009896 , 222
2 , 1527009902 , 223
2 , 1527010196 , 222
2 , 1527010202 , 223
2 , 1527010349 , 222
2 , 1527010355 , 223
2 , 1527010538 , 222
2 , 1527010544 , 223
2 , 1527010746 , 222
2 , 1527010752 , 223
2 , 1527011021 , 222
2 , 1527011028 , 223
2 , 1527011217 , 222
2 , 1527011223 , 223
2 , 1527011285 , 222
2 , 1527011291 , 223
2 , 1527011644 , 222
2 , 1527011651 , 223
2 , 1527011706 , 222
2 , 1527011712 , 223
2 , 1527011901 , 222
2 , 1527011907 , 223
2 , 1527011944 , 222
2 , 1527011950 , 223
2 , 1527012023 , 222
2 , 1527012029 , 223
2 , 1527012371 , 222
2 , 1527012377 , 223
2 , 1527012505 , 222
2 , 1527012511 , 223
2 , 1527012699 , 222
2 , 1527012706 , 223
2 , 1527012900 , 222
2 , 1527012907 , 223
2 , 1527012937 , 222
2 , 1527012943 , 223
2 , 1527012998 , 222
2 , 1527013010 , 223
2 , 1527013040 , 222
2 , 1527013046 , 223
2 , 1527013137 , 222
2 , 1527013144 , 223
2 , 1527013302 , 222
2 , 1527013308 , 223
2 , 1527013387 , 222
2 , 1527013393 , 223
2 , 1527013551 , 222
2 , 1527013563 , 223
2 , 1527013618 , 222
2 , 1527013624 , 223
2 , 1527013685 , 222
2 , 1527013691 , 223
2 , 1527014002 , 222
2 , 1527014009 , 223
2 , 1527014069 , 222
2 , 1527014075 , 223
2 , 1527014100 , 222
2 , 1527014106 , 223
2 , 1527014185 , 222
2 , 1527014192 , 223
2 , 1527014198 , 222
2 , 1527014204 , 223
2 , 1527014302 , 222
2 , 1527014308 , 223
2 , 1527014326 , 222
2 , 1527014332 , 223
2 , 1527014364 , 222
2 , 1527014370 , 223
2 , 1527014395 , 222
2 , 1527014401 , 223
2 , 1527014407 , 222
2 , 1527014413 , 223
2 , 1527014444 , 222
2 , 1527014450 , 223
2 , 1527014468 , 222
2 , 1527014474 , 223
2 , 1527014596 , 222
2 , 1527014602 , 223
2 , 1527014663 , 222
2 , 1527014669 , 223
2 , 1527014779 , 222
2 , 1527014785 , 223
2 , 1527014816 , 222
2 , 1527014828 , 223
2 , 1527014852 , 222
2 , 1527014858 , 223
2 , 1527014870 , 222
2 , 1527014889 , 223
2 , 1527014895 , 222
2 , 1527014901 , 223
2 , 1527014925 , 222
2 , 1527014931 , 223
2 , 1527014938 , 222
2 , 1527014944 , 223
2 , 1527014962 , 222
2 , 1527014968 , 223
2 , 1527015041 , 222
2 , 1527015053 , 223
2 , 1527015096 , 222
2 , 1527015102 , 223
2 , 1527015126 , 222
2 , 1527015138 , 223
2 , 1527015145 , 222
2 , 1527015151 , 223
2 , 1527015169 , 222
2 , 1527015175 , 223
2 , 1527015230 , 222
2 , 1527015248 , 223
2 , 1527015308 , 222
2 , 1527015315 , 223
2 , 1527015321 , 222
2 , 1527015327 , 223
2 , 1527015339 , 222
2 , 1527015351 , 223
2 , 1527015388 , 222
2 , 1527015394 , 223
2 , 1527015406 , 222
2 , 1527015412 , 223
2 , 1527015449 , 222
2 , 1527015473 , 223
2 , 1527015491 , 222
2 , 1527015497 , 223
2 , 1527015509 , 222
2 , 1527015515 , 223
2 , 1527015522 , 222
2 , 1527015546 , 223
2 , 1527015564 , 222
2 , 1527015571 , 223
2 , 1527015595 , 222
2 , 1527015608 , 223
2 , 1527015626 , 222
2 , 1527015632 , 223
2 , 1527015644 , 222
2 , 1527015657 , 223
2 , 1527015663 , 222
2 , 1527015675 , 223
2 , 1527015694 , 222
2 , 1527015712 , 223
2 , 1527015767 , 222
2 , 1527015773 , 223
2 , 1527015779 , 222
2 , 1527015785 , 223
2 , 1527015803 , 222
2 , 1527015809 , 223
2 , 1527015822 , 222
2 , 1527015834 , 223
2 , 1527015840 , 222
2 , 1527015846 , 223
2 , 1527015858 , 222
2 , 1527015870 , 223
2 , 1527015876 , 222
2 , 1527015882 , 223
2 , 1527015888 , 222
2 , 1527015895 , 223
2 , 1527015913 , 222
2 , 1527015919 , 223
2 , 1527015937 , 222
2 , 1527015943 , 223
2 , 1527015949 , 222
2 , 1527015961 , 223
2 , 1527015967 , 222
2 , 1527015974 , 223
2 , 1527015980 , 222
2 , 1527015993 , 223
2 , 1527016011 , 222
2 , 1527016017 , 223
2 , 1527016029 , 222
2 , 1527016048 , 223
2 , 1527016054 , 222
2 , 1527016066 , 223
2 , 1527016096 , 222
2 , 1527016108 , 223
2 , 1527016114 , 222
2 , 1527016120 , 223
2 , 1527016132 , 222
2 , 1527016145 , 223
2 , 1527016157 , 222
2 , 1527016181 , 223
2 , 1527016193 , 222
2 , 1527016211 , 223
2 , 1527016217 , 222
2 , 1527016223 , 223
2 , 1527016230 , 222
2 , 1527016236 , 223
2 , 1527016248 , 222
2 , 1527016254 , 223
2 , 1527016266 , 222
2 , 1527016272 , 223
2 , 1527016278 , 222
2 , 1527016291 , 223
2 , 1527016303 , 222
2 , 1527016339 , 223
2 , 1527016345 , 222
2 , 1527016351 , 223
2 , 1527016357 , 222
2 , 1527016400 , 223
2 , 1527016406 , 222
2 , 1527016418 , 223
2 , 1527016424 , 222
2 , 1527016449 , 223
2 , 1527016462 , 222
2 , 1527016492 , 223
2 , 1527016498 , 222
2 , 1527016504 , 223
2 , 1527016516 , 222
2 , 1527016529 , 223
2 , 1527016541 , 222
2 , 1527016559 , 223
2 , 1527016590 , 222
2 , 1527016596 , 223
2 , 1527016602 , 222
2 , 1527016614 , 223
2 , 1527016620 , 222
2 , 1527016650 , 223
2 , 1527016656 , 222
2 , 1527016662 , 223
2 , 1527016668 , 222
2 , 1527016675 , 223
2 , 1527016687 , 222
2 , 1527016783 , 223
2 , 1527016796 , 222
2 , 1527016826 , 223
2 , 1527016838 , 222
2 , 1527016850 , 223
2 , 1527016856 , 222
2 , 1527016874 , 223
2 , 1527016880 , 222
2 , 1527016910 , 223
2 , 1527016916 , 222
2 , 1527016978 , 223
2 , 1527016990 , 222
2 , 1527017008 , 223
2 , 1527017014 , 222
2 , 1527017213 , 223
2 , 1527017219 , 222
2 , 1527017280 , 223
2 , 1527017286 , 222
2 , 1527017431 , 223
2 , 1527017437 , 222
2 , 1527018056 , 223
2 , 1527018062 , 222
2 , 1527018080 , 223
2 , 1527018086 , 222
2 , 1527018226 , 223
2 , 1527018232 , 222
2 , 1527025076 , 221
2 , 1527025082 , 222
2 , 1527025155 , 221
2 , 1527025161 , 222
2 , 1527025185 , 221
2 , 1527025197 , 222
2 , 1527025300 , 221
2 , 1527025306 , 222
2 , 1527025330 , 221
2 , 1527025336 , 222
2 , 1527025396 , 221
2 , 1527025402 , 222
2 , 1527025414 , 221
2 , 1527025426 , 222
2 , 1527025456 , 221
2 , 1527025462 , 222
2 , 1527025523 , 221
2 , 1527025529 , 222
2 , 1527025541 , 221
2 , 1527025553 , 222
2 , 1527025565 , 221
2 , 1527025571 , 222
2 , 1527025583 , 221
2 , 1527025595 , 222
2 , 1527025607 , 221
2 , 1527025619 , 222
2 , 1527025625 , 221
2 , 1527025631 , 222
2 , 1527025667 , 221
2 , 1527025679 , 222
2 , 1527025715 , 221
2 , 1527025721 , 222
2 , 1527025727 , 221
2 , 1527025739 , 222
2 , 1527025757 , 221
2 , 1527025763 , 222
2 , 1527025793 , 221
2 , 1527025799 , 222
2 , 1527025805 , 221
2 , 1527025811 , 222
2 , 1527025829 , 221
2 , 1527025841 , 222
2 , 1527025847 , 221
2 , 1527025853 , 222
2 , 1527025871 , 221
2 , 1527025889 , 222
2 , 1527025901 , 221
2 , 1527025919 , 222
2 , 1527025925 , 221
2 , 1527025931 , 222
2 , 1527025949 , 221
2 , 1527025967 , 222
2 , 1527025979 , 221
2 , 1527025997 , 222
2 , 1527026027 , 221
2 , 1527026039 , 222
2 , 1527026045 , 221
2 , 1527026069 , 222
2 , 1527026082 , 221
2 , 1527026166 , 222
2 , 1527026173 , 221
2 , 1527026275 , 222
2 , 1527026281 , 221
2 , 1527026311 , 222
2 , 1527026317 , 221
2 , 1527026359 , 222
2 , 1527026365 , 221
2 , 1527026371 , 222
2 , 1527026377 , 221
2 , 1527026475 , 222
2 , 1527026481 , 221
2 , 1527026571 , 222
2 , 1527026577 , 221
2 , 1527026776 , 222
2 , 1527026782 , 221
2 , 1527032488 , 220
2 , 1527032494 , 221
2 , 1527032512 , 220
2 , 1527032518 , 221
2 , 1527032609 , 220
2 , 1527032615 , 221
2 , 1527032853 , 220
2 , 1527032859 , 221
2 , 1527032943 , 220
2 , 1527032949 , 221
2 , 1527032991 , 220
2 , 1527032997 , 221
2 , 1527033027 , 220
2 , 1527033033 , 221
2 , 1527033088 , 220
2 , 1527033112 , 221
2 , 1527033172 , 220
2 , 1527033178 , 221
2 , 1527033238 , 220
2 , 1527033244 , 221
2 , 1527033262 , 220
2 , 1527033268 , 221
2 , 1527033274 , 220
2 , 1527033280 , 221
2 , 1527033287 , 220
2 , 1527033293 , 221
2 , 1527033335 , 220
2 , 1527033341 , 221
2 , 1527033377 , 220
2 , 1527033383 , 221
2 , 1527033395 , 220
2 , 1527033413 , 221
2 , 1527033431 , 220
2 , 1527033449 , 221
2 , 1527033455 , 220
2 , 1527033461 , 221
2 , 1527033467 , 220
2 , 1527033473 , 221
2 , 1527033515 , 220
2 , 1527033521 , 221
2 , 1527033527 , 220
2 , 1527033539 , 221
2 , 1527033557 , 220
2 , 1527033563 , 221
2 , 1527033582 , 220
2 , 1527033588 , 221
2 , 1527033594 , 220
2 , 1527033606 , 221
2 , 1527033612 , 220
2 , 1527033618 , 221
2 , 1527033636 , 220
2 , 1527033642 , 221
2 , 1527033648 , 220
2 , 1527033660 , 221
2 , 1527033666 , 220
2 , 1527033673 , 221
2 , 1527033679 , 220
2 , 1527033697 , 221
2 , 1527033703 , 220
2 , 1527033709 , 221
2 , 1527033715 , 220
2 , 1527033733 , 221
2 , 1527033745 , 220
2 , 1527033763 , 221
2 , 1527033770 , 220
2 , 1527033795 , 221
2 , 1527033801 , 220
2 , 1527033843 , 221
2 , 1527033849 , 220
2 , 1527033855 , 221
2 , 1527033861 , 220
2 , 1527033910 , 221
2 , 1527033916 , 220
2 , 1527033928 , 221
2 , 1527033934 , 220
2 , 1527033988 , 221
2 , 1527033994 , 220
2 , 1527034007 , 221
2 , 1527034013 , 220
2 , 1527034043 , 221
2 , 1527034049 , 220
2 , 1527034176 , 221
2 , 1527034188 , 220
2 , 1527034541 , 221
2 , 1527034547 , 220
2 , 1527041059 , 219
2 , 1527041065 , 220
2 , 1527041089 , 219
2 , 1527041095 , 220
2 , 1527041427 , 219
2 , 1527041434 , 220
2 , 1527041482 , 219
2 , 1527041494 , 220
2 , 1527041530 , 219
2 , 1527041537 , 220
2 , 1527041561 , 219
2 , 1527041567 , 220
2 , 1527041609 , 219
2 , 1527041615 , 220
2 , 1527041627 , 219
2 , 1527041634 , 220
2 , 1527041647 , 219
2 , 1527041665 , 220
2 , 1527041713 , 219
2 , 1527041719 , 220
2 , 1527041725 , 219
2 , 1527041731 , 220
2 , 1527041744 , 219
2 , 1527041750 , 220
2 , 1527041756 , 219
2 , 1527041780 , 220
2 , 1527041792 , 219
2 , 1527041798 , 220
2 , 1527041804 , 219
2 , 1527041816 , 220
2 , 1527041835 , 219
2 , 1527041841 , 220
2 , 1527041847 , 219
2 , 1527041859 , 220
2 , 1527041871 , 219
2 , 1527041883 , 220
2 , 1527041889 , 219
2 , 1527041932 , 220
2 , 1527041938 , 219
2 , 1527041950 , 220
2 , 1527041980 , 219
2 , 1527041992 , 220
2 , 1527041998 , 219
2 , 1527042004 , 220
2 , 1527042010 , 219
2 , 1527042022 , 220
2 , 1527042029 , 219
2 , 1527042053 , 220
2 , 1527042059 , 219
2 , 1527042113 , 220
2 , 1527042119 , 219
2 , 1527042157 , 220
2 , 1527042163 , 219
2 , 1527042169 , 220
2 , 1527042181 , 219
2 , 1527042193 , 220
2 , 1527042205 , 219
2 , 1527042217 , 220
2 , 1527042223 , 219
2 , 1527042229 , 220
2 , 1527042235 , 219
2 , 1527042272 , 220
2 , 1527042284 , 219
2 , 1527042290 , 220
2 , 1527042302 , 219
2 , 1527042314 , 220
2 , 1527042320 , 219
2 , 1527042368 , 220
2 , 1527042374 , 219
2 , 1527042380 , 220
2 , 1527042386 , 219
2 , 1527042440 , 220
2 , 1527042446 , 219
2 , 1527042513 , 220
2 , 1527042519 , 219
2 , 1527042561 , 220
2 , 1527042567 , 219
2 , 1527042651 , 220
2 , 1527042658 , 219
2 , 1527042760 , 220
2 , 1527042766 , 219
2 , 1527050736 , 220
2 , 1527050790 , 219
2 , 1527050809 , 220
2 , 1527050815 , 219
2 , 1527051137 , 218
2 , 1527051143 , 219
2 , 1527051239 , 218
2 , 1527051245 , 219
2 , 1527051251 , 218
2 , 1527051257 , 219
2 , 1527051264 , 218
2 , 1527051270 , 219
2 , 1527051300 , 218
2 , 1527051306 , 219
2 , 1527051312 , 218
2 , 1527051366 , 219
2 , 1527051372 , 218
2 , 1527051505 , 219
2 , 1527051511 , 218
2 , 1527051680 , 219
2 , 1527051698 , 220
2 , 1527051722 , 219
2 , 1527052634 , 219
2 , 1527052654 , 219
2 , 1527052764 , 218
2 , 1527052770 , 219
